      Epidote
Diffraction data computed using the structure from the paper listed below, 
along with the cell parameters refined from the powder pattern of R040089
      Giuli G, Bonazzi P, Menchetti S
      American Mineralogist 84 (1999) 933-936
      Al-Fe disorder in synthetic epidotes: A single-crystal X-ray diffraction study
      Sample: CC11c

      CELL PARAMETERS:   8.8881  5.6198 10.1564   90.000  115.438   90.000
      SPACE GROUP: P2_1/m    

           ATOM        X         Y         Z     OCCUPANCY  ISO(B)
            Ca     0.75740   0.75000   0.15170     1.000     0.773
            Ca     0.60470   0.75000   0.42410     1.000     0.952
            Si     0.33830   0.75000   0.04670     1.000     0.443
            Si     0.68320   0.25000   0.27420     1.000     0.500
            Si     0.18340   0.75000   0.31830     1.000     0.369
            Fe     0.00000   0.00000   0.00000     0.080     0.450
            Al     0.00000   0.00000   0.00000     0.920     0.450
            Al     0.00000   0.00000   0.50000     1.000     0.349
            Fe     0.29360   0.25000   0.22470     0.600     0.424
            Al     0.29360   0.25000   0.22470     0.400     0.424
            O      0.23450   0.99420   0.04160     1.000     0.680
            O      0.30170   0.98190   0.35350     1.000     0.771
            O      0.79370   0.01280   0.34190     1.000     0.824
            O      0.05300   0.25000   0.12980     1.000     0.572
            O      0.04180   0.75000   0.14490     1.000     0.512
            O      0.06590   0.75000   0.40590     1.000     0.520
            O      0.51380   0.75000   0.18070     1.000     0.819
            O      0.52300   0.25000   0.30670     1.000     1.162
            O      0.62950   0.25000   0.09960     1.000     1.207
            O      0.07960   0.25000   0.42630     1.000     0.627

            BOUNDS ON TWO THETA:    5.0  90.0
            LIMITS IMPOSED ON THE INDICES ARE:  +/-  7 +/-  5 +/-  8
            MAX. ABS. INTENSITY / VOLUME**2:      8.756539193    
            The INTENSITY cut off value is   1.00

               2-THETA      INTENSITY    D-SPACING   H   K   L
                 9.64          2.17        9.1717    0   0   1
                11.02          5.79        8.0264    1   0   0
                11.10          3.80        7.9706   -1   0   1
                17.68         29.75        5.0167   -1   0   2
                19.28          1.83        4.6036    1   1   0
                19.33          3.46        4.5930   -1   1   1
                22.15         18.69        4.0132    2   0   0
                22.31         18.95        3.9853   -2   0   2
                23.66          6.00        3.7597    1   1   1
                23.78          2.22        3.7425   -1   1   2
                25.55         34.08        3.4858   -2   1   1
                26.20         11.71        3.4018    1   0   2
                27.83         11.16        3.2056    2   0   1
                29.21          3.72        3.0572    0   0   3
                30.52          1.32        2.9288   -3   0   1
                30.61         15.96        2.9206   -3   0   2
                30.87        100.00        2.8968   -1   1   3
                31.85         39.38        2.8099    0   2   0
                32.15          9.42        2.7844    2   1   1
                32.37          3.88        2.7658   -2   1   3
                33.36         31.17        2.6856    0   1   3
                33.49         18.90        2.6755    3   0   0
                33.80         20.64        2.6521    1   2   0
                34.53         43.46        2.5972   -3   1   1
                34.61          1.67        2.5915   -3   1   2
                35.49         17.78        2.5293    2   0   2
                35.81          3.58        2.5075   -1   0   4
                36.66         10.43        2.4515   -1   2   2
                37.44         30.27        2.4020   -3   1   3
                37.54         24.63        2.3959    0   2   2
                37.88          4.20        2.3750   -2   2   1
                39.05          1.62        2.3064    2   1   2
                39.18          4.98        2.2991    1   1   3
                39.23         11.71        2.2965   -2   2   2
                39.26          1.27        2.2949   -3   0   4
                39.34          3.66        2.2906   -2   1   4
                39.35          2.38        2.2899   -1   1   4
                41.74         15.68        2.1639   -4   0   1
                41.80          6.94        2.1609   -1   2   3
                41.92          1.95        2.1551   -4   0   3
                42.58          1.53        2.1230    0   1   4
                42.80         18.16        2.1130    2   2   1
                42.97         17.45        2.1048   -2   2   3
                43.76         14.47        2.0688    0   2   3
                44.29          7.07        2.0451    2   0   3
                44.69          2.68        2.0276   -3   2   1
                44.76          1.20        2.0249   -3   2   2
                45.19          6.94        2.0066    4   0   0
                45.76          1.68        1.9828   -1   0   5
                46.47          1.90        1.9542   -3   0   5
                47.07          1.03        1.9305   -3   2   3
                47.30          3.88        1.9218    2   1   3
                48.42          9.62        1.8799    2   2   2
                48.52          3.92        1.8762    1   1   4
                48.53          1.12        1.8759    1   2   3
                48.66         13.99        1.8712   -2   2   4
                48.67          6.30        1.8709   -1   2   4
                48.70          3.26        1.8698   -1   1   5
                48.96          3.52        1.8604    3   1   2
                50.00          1.16        1.8242    1   3   0
                51.44          2.03        1.7765    0   2   4
                51.62          4.74        1.7708   -5   0   2
                52.06          1.01        1.7567    1   3   1
                52.47          2.58        1.7438    0   1   5
                52.50          2.14        1.7429   -4   2   2
                53.05          4.04        1.7262   -2   3   1
                53.75          5.92        1.7054   -4   1   5
                53.90          1.03        1.7009    2   0   4
                54.27          2.72        1.6903   -2   0   6
                54.32          2.68        1.6889   -5   1   2
                54.41          1.93        1.6863   -5   1   3
                54.90          4.01        1.6722   -3   0   6
                56.02          1.54        1.6416    1   0   5
                56.13         11.40        1.6385   -1   3   3
                56.20         12.77        1.6368   -5   1   1
                56.21         10.87        1.6364   -1   0   6
                56.34          3.17        1.6330    4   2   0
                56.53          2.09        1.6280    2   1   4
                56.63         14.29        1.6254   -4   2   4
                56.67          6.84        1.6242    1   2   4
                56.88          1.40        1.6187   -2   1   6
                56.93          1.35        1.6174    2   3   1
                57.07          4.68        1.6139    3   2   2
                57.72          5.03        1.5973    0   3   3
                58.06         11.68        1.5886   -4   0   6
                58.49          8.88        1.5781   -3   3   1
                58.54          1.02        1.5768   -3   3   2
                58.58          6.10        1.5758    1   1   5
                59.93          3.49        1.5435    5   1   0
                60.02          6.22        1.5413    4   1   2
                60.47          5.06        1.5310   -3   3   3
                61.42          2.47        1.5096   -4   2   5
                62.72          1.05        1.4813   -6   0   3
                63.50          1.17        1.4650   -5   0   6
                63.73          4.21        1.4603   -6   0   4
                63.81          1.73        1.4587    3   0   4
                63.93         11.94        1.4563   -5   2   4
                63.99          4.00        1.4551    2   2   4
                64.32          4.37        1.4484   -2   2   6
                64.44          1.43        1.4458    3   2   3
                64.89          8.43        1.4370   -3   2   6
                65.72          1.28        1.4208    4   0   3
                66.56         22.31        1.4050    0   4   0
                66.63          4.24        1.4035    2   1   5
                66.72          1.12        1.4019   -3   1   7
                67.02          1.38        1.3964   -2   1   7
                67.16          2.67        1.3939    5   2   0
                67.25         15.09        1.3922    4   2   2
                67.76          1.02        1.3829   -4   2   6
                68.45          1.07        1.3706   -6   1   1
                68.82          1.54        1.3641    1   3   4
                69.91          2.08        1.3456    5   0   2
                70.08          3.57        1.3428    0   2   6
                72.08          1.67        1.3104   -6   2   3
                72.83          3.76        1.2986   -6   2   2
                73.02          3.05        1.2958   -6   2   4
                73.13          1.90        1.2941   -4   3   5
                73.61          1.34        1.2868   -5   3   2
                74.18          1.57        1.2783    3   0   5
                74.34          2.03        1.2760    0   1   7
                74.78          2.88        1.2695   -3   0   8
                74.89          4.11        1.2679    4   2   3
                75.02          1.78        1.2661   -3   4   2
                75.12          1.24        1.2646    4   0   4
                75.21          5.62        1.2633   -5   3   1
                75.27          1.32        1.2626   -6   2   1
                75.46          1.33        1.2598    2   0   6
                75.63          4.93        1.2573   -6   2   5
                75.89          1.22        1.2537   -2   0   8
                76.17          1.07        1.2499    1   2   6
                76.60          2.66        1.2439    3   4   0
                77.28          2.56        1.2346    1   3   5
                77.76          3.79        1.2282    2   4   2
                78.46          1.54        1.2189    5   3   0
                78.55          2.26        1.2179    4   3   2
                79.14          3.48        1.2102   -6   1   7
                79.87          1.17        1.2010   -6   2   6
                80.96          2.25        1.1875    0   2   7
                81.72          1.95        1.1784   -4   4   1
                84.11          1.36        1.1509    4   4   0
                84.42          1.41        1.1475   -6   0   8
                84.52          1.96        1.1464    2   3   5
                86.66          2.27        1.1235    7   1   0
                86.67          1.31        1.1233    0   1   8
                87.39          1.85        1.1160   -7   1   7
                87.78          1.78        1.1120   -5   2   8
                87.84          1.63        1.1114   -1   2   8
================================================================================
       XPOW Copyright 1993 Bob Downs, Ranjini Swaminathan and Kurt Bartelmehs
  For reference, see Downs et al. (1993) American Mineralogist 78, 1104-1107.
