      Anorpiment
      Kampf A R, Downs R T, Housley R M, Jenkins R A, Hyrsl J
      Mineralogical Magazine 75 (2011) 2857-2867
      Anorpiment, As2S3, the triclinic dimorph of orpiment
      Locality: Palomo mine, Castrovirreyna Province, Huancavelica Department, Peru
      _database_code_amcsd 0018526

      CELL PARAMETERS:   5.7577  8.7169 10.2682   78.152   75.817   89.861
      SPACE GROUP: P-1       

           ATOM        X         Y         Z     OCCUPANCY  ISO(B)
            As     0.39108   0.36238   0.67225     1.000     1.928
            As     0.81064   0.17527   0.83715     1.000     1.921
            As     0.37392   0.67873   0.83354     1.000     1.938
            As     0.93519   0.86377   0.66860     1.000     1.896
            S      0.90075   0.92003   0.87870     1.000     2.242
            S      0.49936   0.11754   0.75544     1.000     2.400
            S      0.75475   0.61916   0.74806     1.000     2.369
            S      0.05571   0.27458   0.62594     1.000     2.140
            S      0.31075   0.77483   0.62295     1.000     2.171
            S      0.24319   0.42417   0.88062     1.000     2.290

            BOUNDS ON TWO THETA:    5.0  90.0
            LIMITS IMPOSED ON THE INDICES ARE:  +/-  5 +/-  7 +/-  8
            MAX. ABS. INTENSITY / VOLUME**2:      19.14302903    
            The INTENSITY cut off value is   1.00

               2-THETA      INTENSITY    D-SPACING   H   K   L
                18.23        100.00        4.8654    0   0   2
                18.57         14.89        4.7769   -1   1   0
                18.68          9.53        4.7496    1   1   1
                19.46         30.96        4.5609    1   1   0
                19.91         27.17        4.4602    1  -1   1
                20.85         27.68        4.2602    0   2   0
                24.03         30.65        3.7027   -1  -1   1
                24.52          2.57        3.6310    0  -2   1
                24.70         60.17        3.6045    0   2   2
                24.84         31.39        3.5844    1  -1   2
                25.62          4.17        3.4777    1   2   1
                25.67          5.43        3.4706   -1   2   0
                26.97          7.46        3.3055    1   2   0
                27.17          7.52        3.2820   -1   0   2
                27.39          8.35        3.2564   -1   1   2
                27.43          5.78        3.2519    1  -2   1
                28.16          6.85        3.1688    1   0   3
                28.25          8.87        3.1590    1   1   3
                30.67         11.30        2.9146    0  -2   2
                30.84          2.58        2.8997   -1  -1   2
                30.92          5.44        2.8917    0   2   3
                31.09         52.96        2.8768    2   0   1
                31.17          8.30        2.8691   -1  -2   1
                31.83          2.18        2.8114    1  -1   3
                31.92          7.37        2.8036    1  -2   2
                33.31          8.51        2.6898   -2   1   0
                33.77          9.12        2.6544    2   1   2
                34.89         28.16        2.5715   -1   1   3
                35.25         23.64        2.5461   -1   3   1
                35.43         20.07        2.5336    1   3   2
                35.65          9.62        2.5184   -2   0   1
                35.90         29.55        2.5013    1   1   4
                36.21         29.74        2.4805    1   3   0
                36.66         26.54        2.4514    1  -3   1
                36.89          4.30        2.4363    2   0   3
                36.95         13.14        2.4327    0   0   4
                37.36          2.02        2.4073   -1  -2   2
                37.54          2.83        2.3956    2   2   1
                37.89          1.77        2.3748    2   2   2
                37.92          1.66        2.3728    2  -2   1
                38.26          2.98        2.3524    0  -2   3
                38.29          1.24        2.3505    1  -2   3
                38.55          6.43        2.3355    0   2   4
                38.84          3.11        2.3185   -1  -1   3
                39.71         14.34        2.2699   -2   2   1
                39.95          2.59        2.2569    1  -1   4
                40.49         13.57        2.2277    2   2   3
                41.08          2.40        2.1973   -2   1   2
                41.44          1.85        2.1792    0   4   1
                42.44          9.16        2.1301    0   4   0
                42.56          1.53        2.1241    2   1   4
                42.59          2.00        2.1229    0   4   2
                43.32          5.99        2.0885   -1   1   4
                43.54          2.62        2.0785   -2  -2   1
                44.18          1.69        2.0498   -1   0   4
                44.44          4.66        2.0388    1   1   5
                44.93          3.89        2.0177    2  -2   3
                45.36          1.16        1.9994    1   0   5
                45.47          1.16        1.9947    0  -4   1
                45.69          1.12        1.9857   -2   3   1
                45.76          1.22        1.9829    0   4   3
                46.23          1.78        1.9636    2   3   3
                46.75         15.60        1.9432    0  -2   4
                48.06          2.73        1.8932   -2   0   3
                48.60          1.63        1.8732    3  -1   1
                48.84          3.48        1.8649    3   1   1
                49.43          4.14        1.8439    3  -1   2
                49.51          4.49        1.8410   -2   2   3
                49.92          1.47        1.8270    2   3   4
                50.01          4.12        1.8239    2   0   5
                50.25         18.22        1.8155    0  -4   2
                50.65          2.51        1.8022    0   4   4
                50.81          3.65        1.7969    3   1   0
                51.12          3.32        1.7866    2   2   5
                52.09          4.94        1.7558    3  -1   3
                52.15          1.43        1.7540    3  -2   1
                52.38          2.02        1.7467   -3   0   1
                52.44         10.46        1.7449   -1   1   5
                52.58          1.30        1.7406   -3   1   1
                52.59          3.95        1.7404    3   2   1
                53.24          2.44        1.7204    2   4   1
                53.36          2.71        1.7168    3  -2   2
                53.63          8.81        1.7089    1   1   6
                53.80          4.86        1.7040   -2   3   3
                53.82          3.73        1.7035    2  -4   1
                53.83          1.06        1.7031    2   4   3
                54.08          1.59        1.6957    3   1   4
                54.10          1.86        1.6951    3   0   4
                54.52          6.30        1.6831   -3  -1   1
                54.89          3.01        1.6727    3   2   0
                55.11          7.73        1.6665    1   5   2
                55.12          6.94        1.6661   -1   5   1
                55.18          3.42        1.6645    2   3   5
                55.61          1.64        1.6527    2   4   0
                55.94          3.08        1.6438    0  -2   5
                56.19          4.83        1.6370   -2  -2   3
                56.31          2.83        1.6338    3  -2   3
                56.40          4.74        1.6313    3  -1   4
                56.61          1.10        1.6260    2  -4   2
                56.74          1.57        1.6225    2   4   4
                56.76          3.78        1.6218    0   0   6
                56.96          3.68        1.6168    0   4   5
                57.03          4.58        1.6149   -1   3   5
                57.10          1.42        1.6131   -3   1   2
                57.48          1.38        1.6032    3   3   2
                57.77          2.42        1.5959    3  -3   1
                57.91          1.74        1.5923   -3   3   0
                58.02          4.50        1.5896    1   3   6
                58.21          4.76        1.5848    2  -2   5
                58.28          1.28        1.5832    3   3   3
                58.39          3.56        1.5805    3   3   1
                58.82          1.11        1.5698   -3  -2   1
                59.17          1.85        1.5615    3   1   5
                59.31          2.57        1.5580    3  -3   2
                59.33          8.23        1.5576   -1   5   3
                59.59          4.52        1.5515   -2  -4   1
                59.75          7.66        1.5478    1   5   4
                60.05          3.17        1.5407   -2   4   3
                60.69          3.22        1.5259   -1  -3   4
                60.97          4.06        1.5197    2  -4   3
                61.21          2.93        1.5142    2   4   5
                61.83          3.29        1.5005    1  -3   5
                63.02          1.56        1.4750   -3   1   3
                63.62          1.45        1.4625   -3   0   3
                63.88          1.08        1.4573    0  -4   4
                64.93          3.02        1.4362   -2   0   5
                65.56          1.17        1.4238   -2   4   4
                65.64          1.83        1.4223    2   5   0
                65.72          1.18        1.4207    4   1   2
                65.80          1.12        1.4193    0  -2   6
                65.97          1.97        1.4160   -1  -5   2
                65.98          1.13        1.4159    4  -1   2
                66.67          1.39        1.4028    2  -5   2
                66.79          2.09        1.4006    1  -5   3
                67.07          1.33        1.3955    2   4   6
                67.34          2.97        1.3905    2   0   7
                68.16          1.27        1.3758   -2  -1   5
                69.07          1.05        1.3598    4   2   3
                69.95          1.67        1.3449   -4   2   0
                70.93          1.05        1.3287    1  -3   6
                71.02          1.47        1.3272    4   2   4
                75.09          1.02        1.2651   -1   3   7
                76.75          1.05        1.2418   -4   2   2
                76.82          1.49        1.2408    0   2   8
                80.24          1.01        1.1964   -4   3   2
                81.85          1.56        1.1769    1   7   0
                82.35          1.77        1.1710    1  -7   1
                83.80          1.13        1.1544   -2   2   7
                85.57          1.12        1.1349   -4   4   2
                86.21          1.17        1.1282    1   5   8
                87.15          1.46        1.1184    0   6   7
                87.60          1.17        1.1138    4   4   6
                89.14          1.13        1.0985    5   1   0
================================================================================
       XPOW Copyright 1993 Bob Downs, Ranjini Swaminathan and Kurt Bartelmehs
  For reference, see Downs et al. (1993) American Mineralogist 78, 1104-1107.
