      Microcline
Diffraction data computed using the structure from the paper listed below,
along with the cell parameters refined from single crystal data of R120005
      Bailey S W
      American Mineralogist 54 (1969) 1540-1545
      Refinement of an intermediate microcline structure
      _database_code_amcsd 0000194

      CELL PARAMETERS:   8.5960 12.9710  7.2240   90.380  116.110   88.120
      SPACE GROUP: C-1       

           ATOM        X         Y         Z     OCCUPANCY  ISO(B)
            K      0.28370  -0.00320   0.13780     1.000     1.507
            Al     0.00950   0.18560   0.22140     0.600     0.413
            Si     0.00950   0.18560   0.22140     0.400     0.413
            Si     0.00950   0.81730   0.22800     0.770     0.424
            Al     0.00950   0.81730   0.22800     0.230     0.424
            Si     0.70980   0.11890   0.34210     0.940     0.387
            Al     0.70980   0.11890   0.34210     0.060     0.387
            Si     0.70760   0.88330   0.34660     0.960     0.400
            Al     0.70760   0.88330   0.34660     0.040     0.400
            O     -0.00050   0.14470  -0.00720     1.000     1.181
            O      0.63690   0.00200   0.28570     1.000     0.962
            O      0.82380   0.14680   0.22390     1.000     1.352
            O      0.82790   0.85450   0.23310     1.000     1.301
            O      0.03500   0.31530   0.25490     1.000     0.889
            O      0.03660   0.69140   0.26350     1.000     0.979
            O      0.18420   0.12450   0.40650     1.000     1.048
            O      0.17770   0.87410   0.40950     1.000     1.018

            BOUNDS ON TWO THETA:    5.0  90.0
            LIMITS IMPOSED ON THE INDICES ARE:  +/-  7 +/- 11 +/-  5
            MAX. ABS. INTENSITY / VOLUME**2:      4.692344557    
            The INTENSITY cut off value is   1.00

               2-THETA      INTENSITY    D-SPACING   H   K   L
                13.16          4.90        6.7286    1   1   0
                13.55          2.28        6.5345   -1   1   0
                13.65          3.98        6.4866    0   0   1
                13.66          6.79        6.4818    0   2   0
                14.95          6.58        5.9265   -1  -1   1
                15.19          5.22        5.8333   -1   1   1
                19.27          2.31        4.6051    0   2   1
                20.98         79.06        4.2335   -2   0   1
                22.36         15.25        3.9766    1   1   1
                22.67         10.40        3.9228    1  -1   1
                23.06          6.78        3.8573    2   0   0
                23.26         47.41        3.8247    1   3   0
                23.94         46.30        3.7176   -1   3   0
                24.40         13.24        3.6477   -1  -3   1
                24.76          9.57        3.5956   -2  -2   1
                24.85          8.80        3.5826   -1   3   1
                25.48          4.46        3.4954   -2   2   1
                25.57         36.53        3.4839   -1  -1   2
                25.65         31.91        3.4733   -1   1   2
                26.49         65.27        3.3643    2   2   0
                27.03         72.83        3.2984   -2   0   2
                27.30         60.93        3.2673   -2   2   0
                27.50        100.00        3.2433    0   0   2
                27.52         38.53        3.2409    0   4   0
                29.50         36.33        3.0276    1   3   1
                30.16          5.81        2.9633   -2  -2   2
                30.22         38.20        2.9574    1  -3   1
                30.65          4.21        2.9166   -2   2   2
                30.72          7.22        2.9106    0   2   2
                30.73         16.95        2.9093    0   4   1
                30.94          6.39        2.8904    0  -2   2
                30.95         14.83        2.8891    0  -4   1
                32.21         12.01        2.7790   -1  -3   2
                32.27          1.01        2.7739   -3   1   1
                32.40         14.16        2.7629   -1   3   2
                34.16         12.22        2.6251   -3  -1   2
                34.32         23.55        2.6126   -2  -4   1
                34.37          1.60        2.6092    2   2   1
                34.54         13.65        2.5969   -3   1   2
                34.97          7.48        2.5656    1   1   2
                35.11          2.37        2.5562    2  -2   1
                35.23          5.07        2.5476    1  -1   2
                35.36          6.17        2.5385    3   1   0
                35.40         24.46        2.5359   -2   4   1
                35.58          2.12        2.5230    2   4   0
                35.83          6.08        2.5065   -3   1   0
                36.81          2.37        2.4416   -2   4   0
                37.00          6.54        2.4293   -1  -5   1
                37.11          8.86        2.4225   -3  -3   1
                37.52          4.75        2.3971   -1   5   1
                38.31          6.25        2.3496   -3   3   1
                38.60          3.72        2.3323   -1  -1   3
                38.61          4.09        2.3317   -1   1   3
                39.22          1.64        2.2969   -3  -3   2
                40.24          1.41        2.2414   -3   3   2
                40.60          2.68        2.2219    1   5   1
                41.51          2.87        2.1755    1  -5   1
                41.81         30.66        2.1606    0   6   0
                41.91          8.51        2.1556    2   4   1
                42.62          4.58        2.1212   -4   0   1
                42.72          6.01        2.1167   -4   0   2
                43.15          5.31        2.0965    2  -4   1
                43.55          1.46        2.0783    3   1   1
                43.66          2.92        2.0733    2   0   2
                43.98          1.65        2.0588    3  -1   1
                44.06          2.95        2.0552    0   6   1
                44.30          3.48        2.0445    0  -6   1
                44.62          7.41        2.0307   -4  -2   2
                45.49          9.90        1.9941   -4   2   2
                45.63          8.18        1.9883    2   2   2
                45.94          2.49        1.9755   -3  -3   3
                46.29          7.09        1.9614    2  -2   2
                46.49          2.65        1.9535   -3  -5   1
                46.72          1.66        1.9444   -3   3   3
                47.12         14.51        1.9286    4   0   0
                47.38          8.32        1.9186   -4   0   3
                47.55          1.23        1.9124    2   6   0
                47.66          1.10        1.9079    3   3   1
                48.14          1.74        1.8900   -3   5   1
                48.82          1.39        1.8656    4   2   0
                48.87          1.16        1.8636    3  -3   1
                48.89          4.84        1.8629    1   1   3
                49.01          1.89        1.8588   -2   6   0
                49.06          2.32        1.8569    3   5   0
                49.10          1.36        1.8556    1   5   2
                49.12          4.24        1.8547    1  -1   3
                49.18          1.07        1.8526   -4  -2   3
                49.77          1.49        1.8319   -4   2   0
                50.01          2.26        1.8238   -2  -6   2
                50.06          1.08        1.8221    1  -5   2
                50.54          5.59        1.8059    0   4   3
                50.55         28.88        1.8055   -2   0   4
                50.56          5.89        1.8054    0   6   2
                50.63          4.11        1.8029   -4  -4   1
                50.78          1.82        1.7978   -4  -4   2
                50.83          1.98        1.7961   -3   5   0
                50.98          6.57        1.7915    0  -4   3
                50.98          3.15        1.7913   -2   6   2
                50.99          6.86        1.7910    0  -6   2
                51.79          2.73        1.7654    2   4   2
                52.34          3.70        1.7480   -4   4   1
                52.35          1.38        1.7477   -4   4   2
                52.81          1.05        1.7334   -1  -1   4
                52.99          2.22        1.7282    2  -4   2
                53.50          1.18        1.7127    1  -3   3
                53.62          1.21        1.7093   -5  -1   2
                54.11          1.34        1.6949   -5   1   2
                54.16          3.52        1.6935   -3  -5   3
                55.31          4.01        1.6610   -3   5   3
                55.56          4.65        1.6541    3   5   1
                55.64          2.50        1.6518   -1  -7   2
                55.93          1.88        1.6439   -1   7   2
                56.65          1.16        1.6248   -5   1   3
                56.82          2.68        1.6204    0   8   0
                57.36          4.22        1.6063    3  -5   1
                57.38          4.11        1.6058   -4  -2   4
                57.97          4.09        1.5908   -4   2   4
                58.56          4.02        1.5764    0   2   4
                58.82          4.19        1.5699    0  -2   4
                59.50          1.10        1.5535    2  -2   3
                59.60          5.47        1.5513   -5  -3   3
                60.09          5.40        1.5399   -4  -6   1
                60.29          1.22        1.5350    0   6   3
                60.87          4.54        1.5218   -5   3   3
                60.88          1.50        1.5217    0  -6   3
                61.31         15.07        1.5120    2   8   0
                62.37          4.90        1.4887   -4   6   1
                62.43          1.90        1.4874   -5  -1   4
                62.82          2.82        1.4793   -5   1   4
                62.95         13.03        1.4765   -2   8   0
                63.33          2.29        1.4686    5   3   0
                63.59          1.53        1.4632    4   6   0
                63.75          1.71        1.4599   -1  -7   3
                63.80          1.81        1.4589   -1   7   3
                63.95          3.30        1.4557    1   1   4
                64.01          1.24        1.4546    0   8   2
                64.07          1.46        1.4534   -5  -5   2
                64.09          1.90        1.4531   -4  -6   3
                64.12          6.20        1.4524    2   4   3
                64.18          2.11        1.4511    1  -1   4
                64.84          2.10        1.4380   -5   3   0
                65.23          8.93        1.4302   -6   0   2
                65.29          5.27        1.4290    2  -4   3
                65.93          1.11        1.4169   -4   6   3
                65.99          1.29        1.4156   -4   6   0
                66.26          1.67        1.4106   -5   5   2
                66.41          9.10        1.4077    4   0   2
                66.42          1.46        1.4075   -1   9   0
                66.46          1.45        1.4067   -5  -5   3
                66.90          3.58        1.3986   -4   0   5
                67.29          1.05        1.3914    1   3   4
                67.40          2.49        1.3895   -2  -6   4
                67.78          1.13        1.3826   -6   0   1
                67.84          2.09        1.3815   -2   6   4
                68.18          1.17        1.3754   -1   1   5
                68.41          1.98        1.3713   -4  -2   5
                68.46          1.71        1.3705   -5   5   3
                68.89          1.04        1.3630   -4   2   5
                68.97          2.02        1.3616   -6  -2   1
                70.07          1.53        1.3429   -6   2   1
                70.21          3.41        1.3406   -1  -9   2
                70.53          3.90        1.3352   -1   9   2
                70.68          3.49        1.3327   -6   0   4
                71.53          1.53        1.3191    5   3   1
                71.58          3.39        1.3182   -1   3   5
                71.74          4.01        1.3157   -1  -3   5
                71.87          1.24        1.3136   -2  -4   5
                72.04          1.11        1.3110   -2   4   5
                72.10          1.54        1.3100   -5   1   5
                72.15          1.20        1.3092   -4  -8   1
                72.34          6.26        1.3063   -4  -8   2
                72.49          3.48        1.3039    2   0   4
                72.59          1.06        1.3024    0   6   4
                72.98          1.92        1.2964    0  10   0
                73.04          1.39        1.2954    5  -3   1
                73.29          1.02        1.2916    0  -6   4
                73.30          7.04        1.2915    2   8   2
                73.31          1.18        1.2913    0  -8   3
                73.33          1.42        1.2911   -4  -4   5
                73.56          2.10        1.2876   -6  -4   1
                73.68          2.94        1.2858    6   0   0
                73.93          1.94        1.2820   -3  -9   2
                74.25          1.93        1.2773   -4   4   5
                74.83          2.35        1.2688   -5  -3   5
                74.89          7.29        1.2679   -4   8   2
                75.14          2.39        1.2644   -3  -5   5
                75.27          7.13        1.2625    2  -8   2
                75.70          1.83        1.2564   -6   4   1
                75.80          1.84        1.2550   -5   3   5
                75.81          2.07        1.2548   -3   5   5
                75.94          1.14        1.2530   -3   9   2
                78.35          1.25        1.2205   -6   0   5
                80.06          1.55        1.1985   -2  10   2
                80.97          1.76        1.1874   -7  -3   3
                82.66          3.02        1.1674   -4  -8   4
                84.08          3.04        1.1513    0   8   4
                84.67          2.73        1.1447   -4   8   4
                84.98          2.79        1.1413    0  -8   4
                85.54          2.56        1.1353    4   4   3
                86.84          1.10        1.1215   -5  -9   2
                87.33          2.34        1.1165    4  -4   3
                87.88          1.18        1.1110   -1  -9   4
                88.86          1.26        1.1012    7   1   0
                89.50          1.30        1.0950   -7   1   0
                89.86          2.07        1.0916    1   5   5
================================================================================
       XPOW Copyright 1993 Bob Downs, Ranjini Swaminathan and Kurt Bartelmehs
  For reference, see Downs et al. (1993) American Mineralogist 78, 1104-1107.
